Generated by GetData Graph Digitizer 2.26.0.20 on March 16 2018, 11:56
from file 'H:\CDx\Amado_2B.bmp'

Line #1
-2.95261059987205e-004    9.92317534343025e-001
 4.99335662615029e-001    9.92329836887191e-001
 4.99089611731706e-001    9.85927782173046e-001
 2.34383150435510e+000    9.84692796008676e-001
 2.34348703311845e+000    9.75729919408872e-001
 2.45878647704345e+000    9.75732758457526e-001
 2.45849121598347e+000    9.68050292800551e-001
 3.18867181733182e+000    9.66787862499196e-001
 3.18837655627184e+000    9.59105396842221e-001
 3.30367600019684e+000    9.59108235890875e-001
 3.30303626790020e+000    9.42462893634096e-001
 3.57211751390188e+000    9.43749929023784e-001
 3.61025540081689e+000    9.36068409716360e-001
 3.87923822646523e+000    9.34794623220390e-001
 3.87894296540525e+000    9.27112157563415e-001
 4.07110870528025e+000    9.27116889311171e-001
 3.99394714827026e+000    9.19432530955094e-001
 4.14763052999360e+000    9.18155905410470e-001
 4.14728605875695e+000    9.09193028810666e-001
 4.57000147630530e+000    9.07923027712900e-001
 4.60818857339698e+000    9.01521919348306e-001
 4.91565375719699e+000    9.01529490144716e-001
 4.91530928596034e+000    8.92566613544912e-001
 5.60710594951036e+000    8.92583647836834e-001
 5.60685989862704e+000    8.86181593122689e-001
 5.87584272427538e+000    8.84907806626718e-001
 5.87554746321539e+000    8.77225340969743e-001
 6.18301264701540e+000    8.77232911766153e-001
 6.18271738595542e+000    8.69550446109178e-001
 6.60543280350376e+000    8.68280445011413e-001
 6.60518675262044e+000    8.61878390297267e-001
 6.95103587421879e+000    8.60606496500399e-001
 6.87352984597215e+000    8.43959261544518e-001
 6.98882928989715e+000    8.43962100593172e-001
 6.98818955760051e+000    8.27316758336393e-001
 7.14192214950052e+000    8.27320543734598e-001
 7.13980611190394e+000    7.72262873192946e-001
 7.25505634565228e+000    7.70985301298770e-001
 7.29245607991733e+000    7.44097617848910e-001
 7.48462181979233e+000    7.44102349596666e-001
 7.40647605924905e+000    7.10809772384006e-001
 7.52177550317406e+000    7.10812611432660e-001
 7.55927365779243e+000    6.86485749868457e-001
 7.67457310171743e+000    6.86488588917111e-001
 7.75119334678411e+000    6.80088426902068e-001
 7.90487672850746e+000    6.78811801357444e-001
 7.90448304709414e+000    6.68568513814811e-001
 8.05821563899414e+000    6.68572299213016e-001
 8.01791250430589e+000    6.19915737035957e-001
 8.13321194823089e+000    6.19918576084611e-001
 8.17095615373259e+000    6.01993769234555e-001
 8.24782244968259e+000    6.01995661933657e-001
 8.24728113773928e+000    5.87911141562537e-001
 8.86216229516264e+000    5.86645872212527e-001
 8.90025097190099e+000    5.77683941962275e-001
 1.01684956448994e+001    5.76434760554636e-001
 1.01298164460410e+001    5.70031759490940e-001
 1.03219329757394e+001    5.68756080295867e-001
 1.03217361350327e+001    5.63634436524550e-001
 1.12824664140544e+001    5.61097273377673e-001
 1.12815314206978e+001    5.36769465463919e-001
 1.13968308646228e+001    5.36772304512573e-001
 1.14349687515378e+001    5.29090785205150e-001
 1.20113675508095e+001    5.26544158562760e-001
 1.20492101766645e+001    5.11180173598362e-001
 1.21644604104129e+001    5.09902601704186e-001
 1.21257320013779e+001    5.02219189697660e-001
 1.22794645932779e+001    5.02222975095865e-001
 1.22791201220412e+001    4.93260098496061e-001
 1.41239112248413e+001    4.93305523274521e-001
 1.41620983219330e+001    4.86904414909926e-001
 1.48921805029280e+001    4.83081162722913e-001
 1.48919836622213e+001    4.77959518951596e-001
 1.51993996358447e+001    4.76686678805177e-001
 1.52368977904631e+001    4.52359817240975e-001
 1.53905319620097e+001    4.49802780753521e-001
 1.53902859111264e+001    4.43400726039376e-001
 1.60050686481964e+001    4.39574634803708e-001
 1.60044289158998e+001    4.22929292546929e-001
 1.61582107179765e+001    4.24213488887964e-001
 1.61575709856798e+001    4.07568146631185e-001
 1.83865951478766e+001    4.05062213019499e-001
 1.84247822449683e+001    3.98661104654904e-001
 2.24217804241917e+001    3.97479114065404e-001
 2.24598691009301e+001    3.88517183815151e-001
 2.28441513705034e+001    3.87246236367835e-001
 2.28823384675951e+001    3.80845128003240e-001
 2.31513705034201e+001    3.80851752450099e-001
 2.31510260321835e+001    3.71888875850295e-001
 2.32662762659318e+001    3.70611303956120e-001
 2.32658825845185e+001    3.60368016413487e-001
 2.33811820284435e+001    3.60370855462140e-001
 2.33804930859702e+001    3.42445102262533e-001
 2.36879582697702e+001    3.42452673058942e-001
 2.36872693272969e+001    3.24526919859335e-001
 2.38410019191969e+001    3.24530705257540e-001
 2.38399685054869e+001    2.97642075458128e-001
 2.40321342453619e+001    2.97646807205884e-001
 2.39930613650903e+001    2.81000518599554e-001
 2.43005265488903e+001    2.81008089395964e-001
 2.42606663057920e+001    2.43875225704368e-001
 2.47219132916687e+001    2.45166992841812e-001
 2.46831356724571e+001    2.36203169892457e-001
 2.49136853501304e+001    2.34928437046935e-001
 2.48748585207421e+001    2.24684203154751e-001
 2.59894198120171e+001    2.24711647291737e-001
 2.59892229713105e+001    2.19590003520420e-001
 2.67577875104572e+001    2.17048108625787e-001
 2.67574922493972e+001    2.09365642968812e-001
 2.69880419270705e+001    2.08090910123290e-001
 2.69876974558339e+001    1.99128033523487e-001
 2.75257123173072e+001    1.97860871474375e-001
 2.75254170562472e+001    1.90178405817400e-001
 2.80634319177206e+001    1.88911243768288e-001
 2.80631858668373e+001    1.82509189054143e-001
 3.07150238669357e+001    1.81294076230349e-001
 3.07530633334974e+001    1.71051735037267e-001
 3.11373948132474e+001    1.71061198532780e-001
 3.11370995521874e+001    1.63378732875805e-001
 3.12523989961124e+001    1.63381571924459e-001
 3.12520545248757e+001    1.54418695324655e-001
 3.24434329019241e+001    1.53167621217914e-001
 3.24427439594508e+001    1.35241868018306e-001
 3.34803405344225e+001    1.32706597570531e-001
 3.34801436937159e+001    1.27584953799215e-001
 3.87453865459377e+001    1.25153781802077e-001
 3.87449928645244e+001    1.14910494259444e-001
 3.90140249003494e+001    1.14917118706302e-001
 3.90517691058511e+001    9.69923118562457e-002
 4.09734265046012e+001    9.70396293338078e-002
 4.10110722897495e+001    7.65540005980929e-002
 4.14338369174745e+001    7.65644104431566e-002
 4.14335416564145e+001    6.88819447861818e-002
 4.47387431720880e+001    6.76829199047594e-002
 4.46999655528763e+001    5.87190969554042e-002
 4.71595886029231e+001    5.62188414410254e-002
 4.71593425520398e+001    4.98167867268797e-002
 5.00417794399882e+001    4.86073520003937e-002
 5.00414349687515e+001    3.96444754005898e-002

Line #2
 3.84331479750012e-002    1.00000094634955e+000
 9.60828699375031e-001    1.00002365873878e+000
 8.83371881305054e-001    9.84656834725729e-001
 1.42138674277841e+000    9.83389672676617e-001
 1.42109148171842e+000    9.75707207019642e-001
 1.76694060331677e+000    9.74435313222774e-001
 1.72786772304513e+000    9.57789024616445e-001
 1.95841740071847e+000    9.56514291770923e-001
 1.95797450912849e+000    9.44990593285461e-001
 2.14959893706018e+000    9.30910804662096e-001
 2.22607155159687e+000    9.20669409818566e-001
 2.64888538949855e+000    9.21960230606459e-001
 2.60981250922691e+000    9.05313942000129e-001
 2.80158456768860e+000    8.95075386205252e-001
 2.83942719354362e+000    8.79711401240854e-001
 2.99281531420698e+000    8.70752310039255e-001
 3.03051030953201e+000    8.51547092246369e-001
 3.26076472614537e+000    8.42589893743872e-001
 3.76010038876040e+000    8.34919730631064e-001
 3.91373456030707e+000    8.32362694143610e-001
 3.91339008907042e+000    8.23399817543807e-001
 3.83563800994046e+000    8.00350527873780e-001
 4.02750848875547e+000    7.92672793964561e-001
 4.21898528615718e+000    7.74751772512709e-001
 4.21878844545052e+000    7.69630128741393e-001
 4.67939569903056e+000    7.54276553622058e-001
 4.98686088283057e+000    7.54284124418468e-001
 5.02504797992225e+000    7.47883016053874e-001
 5.33221790266227e+000    7.40208121193309e-001
 5.48560602332562e+000    7.31249029991710e-001
 5.71556517887899e+000    7.14609365832239e-001
 6.06121745977068e+000    7.08215828264054e-001
 6.06102061906402e+000    7.03094184492738e-001
 6.17558191033906e+000    6.83890859398954e-001
 6.21367058707741e+000    6.74928929148702e-001
 6.48221052113577e+000    6.62131444167269e-001
 6.48176762954579e+000    6.50607745681807e-001
 6.82702622902416e+000    6.33970920570989e-001
 6.94193199153585e+000    6.23730472077010e-001
 7.01810934501255e+000    6.05806611576505e-001
 7.01766645342257e+000    5.94282913091043e-001
 7.17061168249594e+000    5.73800123403981e-001
 7.17002116037597e+000    5.58435192090032e-001
 7.13084985975100e+000    5.39228081598044e-001
 7.16874169578269e+000    5.25144507576474e-001
 7.28340140741105e+000    5.08502004368350e-001
 7.32134245361941e+000    4.95698841289609e-001
 7.43590374489444e+000    4.76495516195826e-001
 7.47379558092614e+000    4.62411942174257e-001
 7.62683923035284e+000    4.44489974372854e-001
 7.66482948673786e+000    4.32967222236943e-001
 7.74085920968456e+000    4.11202128907950e-001
 7.81747945475124e+000    4.04801966892907e-001
 7.73987500615127e+000    3.85593910051368e-001
 7.85468234830963e+000    3.72792639671730e-001
 7.85374735495300e+000    3.48464831757977e-001
 7.89163919098470e+000    3.34381257736408e-001
 8.04487968111806e+000    3.21580933706321e-001
 8.00600364155307e+000    3.10056288871308e-001
 8.04350179617145e+000    2.85729427307106e-001
 8.19684070665814e+000    2.75489925162678e-001
 8.19615176418483e+000    2.57564171963070e-001
 8.15742335514985e+000    2.49880759956544e-001
 8.15712809408986e+000    2.42198294299569e-001
 8.27178780571822e+000    2.25555791091444e-001
 8.30972885192658e+000    2.12752628012704e-001
 8.42492987549825e+000    2.10194645175699e-001
 8.42414251267162e+000    1.89708070090433e-001
 8.50081196791496e+000    1.84588319018219e-001
 8.57743221298164e+000    1.78188157003176e-001
 9.07696471630333e+000    1.75639637661684e-001
 9.80719452782835e+000    1.75657618303157e-001
 1.00374489444417e+001    1.66700419800661e-001
 1.07292948181684e+001    1.67997865035412e-001
 1.13057428276168e+001    1.66731649335852e-001
 1.13826091235668e+001    1.66733542034954e-001
 1.15743319718518e+001    1.55214575297248e-001
 1.16121745977068e+001    1.39850590332850e-001
 1.19195905713302e+001    1.38577750186431e-001
 1.19194429408002e+001    1.34736517357943e-001
 1.25342256778702e+001    1.30910426122276e-001
 1.39178682151469e+001    1.32224905648950e-001
 1.44559322867969e+001    1.32238154542667e-001
 1.51092958023719e+001    1.32254242485038e-001
 1.54551941341469e+001    1.32262759630999e-001
 1.62235618325870e+001    1.24599220965049e-001
 1.63769499532503e+001    1.15640129763450e-001
 1.66840706658137e+001    1.06684823960056e-001
 1.70296737365287e+001    9.90108754490429e-002
 1.74524383642537e+001    9.90212852941065e-002
 1.81441858176271e+001    9.77579086431997e-002
 1.84128733822154e+001    8.88016564902545e-002
 1.90661876876138e+001    8.75373334897965e-002
 1.97579351409872e+001    8.62739568388897e-002
 2.02190344963338e+001    8.37244911478463e-002
 2.08722011712022e+001    7.86189353189009e-002
 2.13718813050539e+001    7.99116488058961e-002
 2.19483293145022e+001    7.86454331063356e-002
 2.26401259780523e+001    7.86624673982580e-002
 2.33703557895773e+001    7.86804480397315e-002
 2.38699867132523e+001    7.86927505838977e-002
 2.40618079818907e+001    6.97346057318500e-002
 2.43304955464790e+001    6.07783535789047e-002
 2.51376900743074e+001    6.33590488051391e-002
 2.55986910093007e+001    5.82487612284374e-002
 2.62518084739924e+001    5.18627944566629e-002
 2.66745731017174e+001    5.18732043017265e-002
 3.17862309925693e+001    5.32794797348707e-002
 3.20933024949560e+001    4.30437629886476e-002
 3.40150583140593e+001    4.56519023518679e-002
 3.44761084592294e+001    4.18220257179954e-002
 3.50138772698194e+001    3.41528089547380e-002
 3.73199645686728e+001    3.67704118134707e-002
 3.73197185177895e+001    3.03683570993251e-002
 3.84725653265095e+001    2.65555147573749e-002
 4.03942227252596e+001    2.66028322349370e-002
 4.05863884651346e+001    2.66075639826932e-002
 4.05859947837213e+001    1.63642764400601e-002
 4.81189902071748e+001    1.91105828377616e-002
 4.81573249347965e+001    1.65507073016546e-002
