Generated by GetData Graph Digitizer 2.26.0.20 on March 13 2018, 15:54
from file 'C:\Users\y12c\Desktop\Udklip.JPG'

Line #1
 7.69154333377812e-002    1.00128040973111e+000
 2.11387034834148e+000    1.00128040973111e+000
 2.15181135864437e+000    9.88476312419974e-001
 3.45853715317505e+000    9.88476312419974e-001
 3.45814347213429e+000    9.78233034571063e-001
 3.95767550272406e+000    9.75672215108835e-001
 3.99556730289687e+000    9.61587708066581e-001
 5.26385998582370e+000    9.61587708066581e-001
 5.30185020625669e+000    9.50064020486556e-001
 5.57088198748359e+000    9.50064020486556e-001
 5.60838010661564e+000    9.25736235595391e-001
 5.99261280239388e+000    9.23175416133163e-001
 6.03060302282688e+000    9.11651728553137e-001
 6.18433546924225e+000    9.11651728553137e-001
 6.14541025633746e+000    8.98847631241997e-001
 6.33752660422658e+000    8.97567221510884e-001
 6.29810929002085e+000    8.71959026888604e-001
 6.45189094656632e+000    8.73239436619718e-001
 6.44997175149263e+000    8.23303457106274e-001
 6.56517266604397e+000    8.20742637644046e-001
 6.56468056474302e+000    8.07938540332907e-001
 6.75684612276224e+000    8.07938540332907e-001
 6.75640323159139e+000    7.96414852752881e-001
 6.87155493601264e+000    7.92573623559539e-001
 6.83228525219719e+000    7.70806658130602e-001
 6.98601769861256e+000    7.70806658130602e-001
 6.94512408050399e+000    7.06786171574904e-001
 7.09880731678927e+000    7.05505761843790e-001
 7.09639602041463e+000    6.42765685019206e-001
 7.28856157843385e+000    6.42765685019206e-001
 7.28649475296988e+000    5.88988476312420e-001
 7.40179408778141e+000    5.88988476312420e-001
 7.43653643962816e+000    4.92957746478873e-001
 7.59026888604353e+000    4.92957746478873e-001
 7.55035947053685e+000    4.54545454545455e-001
 7.66477302300668e+000    4.31498079385403e-001
 7.70177904083778e+000    3.94366197183099e-001
 7.85541306699297e+000    3.91805377720871e-001
 7.85344466178919e+000    3.40588988476312e-001
 8.00712789807447e+000    3.39308578745198e-001
 7.96574217866495e+000    2.62483994878361e-001
 8.15790773668416e+000    2.62483994878361e-001
 8.07951599944355e+000    2.22791293213828e-001
 8.23329765598901e+000    2.24071702944942e-001
 8.30972098802585e+000    2.12548015364917e-001
 8.42477427218691e+000    2.06145966709347e-001
 8.42388848984521e+000    1.83098591549296e-001
 8.57757172613048e+000    1.81818181818182e-001
 8.53864651322569e+000    1.69014084507042e-001
 8.69237895964107e+000    1.69014084507042e-001
 8.73036918007406e+000    1.57490396927017e-001
 9.03773565264462e+000    1.54929577464789e-001
 9.15264130641539e+000    1.44686299615877e-001
 9.22950752962308e+000    1.44686299615877e-001
 9.22896621819204e+000    1.30601792573624e-001
 9.92031933589037e+000    1.19078104993598e-001
 1.18803096074262e+001    1.16517285531370e-001
 1.18414336046515e+001    1.04993597951344e-001
 1.19567329394630e+001    1.04993597951344e-001
 1.20330578512397e+001    9.09090909090909e-002
 1.28017200833165e+001    9.09090909090909e-002
 1.28398579341398e+001    8.32266325224072e-002
 2.24095550931065e+001    7.93854033290653e-002
 2.24857815846230e+001    6.27400768245839e-002
 3.16328129362076e+001    6.14596670934699e-002
 3.16707047363804e+001    4.73751600512164e-002
 3.17859548610618e+001    4.60947503201024e-002
 3.19007128844423e+001    3.20102432778489e-002
 4.43529918339575e+001    3.07298335467350e-002
 4.44677990674680e+001    1.79257362355954e-002

Line #2
 3.83456269281197e-002    9.97723716033575e-001
 3.03303902941641e-001    1.00284535495803e+000
 8.97702128769241e-002    1.00241855171433e+000
 3.92893678674885e-001    1.00056907099161e+000
 1.49494907435009e-001    1.00085360648741e+000
 4.35471376791136e-001    9.97296912789871e-001
 2.22068913740005e-001    1.00028453549580e+000
-8.54287858441383e-002    9.99430929008394e-001
-2.99635014353480e-002    9.98150519277280e-001
 3.50217560298445e-001    1.00128040973111e+000
 5.11949386750299e-002    9.98719590268886e-001
 1.92165558019217e-001    1.00000000000000e+000
 9.60877000226177e-001    1.00128040973111e+000
 1.19103277867839e+000    9.89756722151088e-001
 1.49820241072857e+000    9.82074263764405e-001
 1.76679130078462e+000    9.70550576184379e-001
 1.72781687774973e+000    9.56466069142126e-001
 1.91963796485829e+000    9.47503201024328e-001
 2.22646312599781e+000    9.30857874519846e-001
 2.26440413630070e+000    9.18053777208707e-001
 2.30204988582303e+000    8.97567221510884e-001
 2.57088482652956e+000    8.92445582586428e-001
 2.72402675138380e+000    8.77080665813060e-001
 2.87756235727879e+000    8.71959026888604e-001
 2.83878477476429e+000    8.62996158770807e-001
 2.95364121840497e+000    8.51472471190781e-001
 3.10707840403977e+000    8.43790012804097e-001
 3.33767707366283e+000    8.43790012804097e-001
 3.41454329687052e+000    8.43790012804097e-001
 3.41390356517929e+000    8.27144686299616e-001
 3.60601991306841e+000    8.25864276568502e-001
 3.64435460441207e+000    8.23303457106274e-001
 3.75945709870322e+000    8.18181818181818e-001
 3.79769336978668e+000    8.13060179257362e-001
 3.98936682650495e+000    8.00256081946223e-001
 4.33408378781728e+000    7.69526248399488e-001
 4.79478902576245e+000    7.56722151088348e-001
 5.14034255928638e+000    7.47759282970551e-001
 5.25465769149602e+000    7.22151088348271e-001
 5.40720909478912e+000    6.91421254801536e-001
 5.71368978501798e+000    6.65813060179257e-001
 5.94315662164886e+000    6.36363636363636e-001
 6.01879259160418e+000    6.04353393085788e-001
 6.67136812678801e+000    5.83866837387964e-001
 6.93946491554311e+000    5.59539052496799e-001
 7.13044943044006e+000    5.28809218950064e-001
 7.28295162360307e+000    4.96798975672215e-001
 7.51256609062424e+000    4.71190781049936e-001
 7.70359981565128e+000    4.41741357234315e-001
 7.85615121894439e+000    4.11011523687580e-001
 7.93173797876961e+000    3.77720870678617e-001
 8.08419096180253e+000    3.44430217669654e-001
 8.39072086216148e+000    3.20102432778489e-001
 8.50488836398084e+000    2.90653008962868e-001
 8.92666838902122e+000    2.65044814340589e-001
 9.38693073579554e+000    2.40717029449424e-001
 1.00014668404163e+001    2.30473751600512e-001
 1.03857487463246e+001    2.29193341869398e-001
 1.08466016146601e+001    2.20230473751601e-001
 1.10385211220288e+001    2.13828425096031e-001
 1.18069373034552e+001    2.07426376440461e-001
 1.19603744890900e+001    1.99743918053777e-001
 1.19979710284823e+001    1.77976952624840e-001
 1.20359120387852e+001    1.65172855313700e-001
 1.24584302157770e+001    1.58770806658131e-001
 1.26118181912817e+001    1.49807938540333e-001
 1.29957064161493e+001    1.38284250960307e-001
 1.31106612800501e+001    1.29321382842510e-001
 1.31487991308734e+001    1.21638924455826e-001
 1.33022855266383e+001    1.15236875800256e-001
 1.34172896006693e+001    1.07554417413572e-001
 1.42241881038296e+001    1.02432778489117e-001
 1.46854838633359e+001    1.04993597951344e-001
 1.49160825329590e+001    1.04993597951344e-001
 1.54156145635487e+001    1.02432778489117e-001
 1.54537524143720e+001    9.47503201024328e-002
 1.56843510839951e+001    9.47503201024328e-002
 1.64913480074156e+001    9.21895006402049e-002
 1.69141614451880e+001    9.34699103713188e-002
 1.74133982149972e+001    8.32266325224072e-002
 1.86046770443260e+001    7.93854033290653e-002
 1.87581634400909e+001    7.29833546734955e-002
 1.91804847765624e+001    6.14596670934699e-002
 2.09100732189955e+001    6.40204865556978e-002
 2.13322961352067e+001    4.99359795134443e-002
 3.55910789604928e+001    5.24967989756722e-002
 3.63210620303153e+001    4.60947503201024e-002
 3.65897493406316e+001    3.71318822023047e-002
 4.27775295189804e+001    3.84122919334187e-002
